100

-122	41	166	-108	101	97	14	38	123	-7	23	-32	-19	2	198	87	6	127	92	-119	51	50	24	85	18	27	174	-68	127	-9	49	33	3	-12	-31	43	-49	10	-31	-46	-22	66	82	25	101	-32	-2	3	109	84	105	132	28	-32	63	51	115	23	107	179	54	-37	0	-41	11	43	127	-4	-23	36	-118	120	-63	29	117	40	-26	17	114	-98	-92	-78	-80	13	71	84	-67	-15	114	132	126	17	82	117	-115	-2	59	248	58	19	
75	20	163	-157	61	76	-185	18	66	-19	-71	0	-4	-72	46	-7	-100	46	-64	-37	33	40	96	164	-17	93	26	-43	-67	93	-4	-54	10	-16	-30	-99	50	31	210	14	57	-24	33	-7	32	-45	3	-68	199	-63	51	77	76	11	114	41	124	33	-15	12	27	-78	65	-86	-55	17	31	127	243	30	55	16	-132	56	23	87	-213	29	-84	40	150	-18	191	169	122	87	-36	90	-11	194	-76	13	-88	-136	38	78	124	118	128	-138	
54	-69	133	204	-3	29	203	116	-30	-17	53	280	27	-126	181	-5	200	-174	-106	90	-18	25	-136	-21	9	-150	-74	-148	-55	-97	-95	-30	32	64	76	50	11	103	64	229	90	-120	66	-27	-255	-1	282	-208	-36	-48	-40	21	26	9	-9	19	128	13	-104	-58	104	97	97	39	139	90	17	-66	-3	-27	24	2	-108	139	31	86	106	171	-155	119	117	-5	78	8	1	142	2	-114	-50	-22	20	87	-123	91	29	37	17	-68	-147	99	
-104	74	35	105	20	121	35	-140	114	-84	173	32	-155	13	42	-107	-43	79	44	8	147	-90	-92	-81	-22	-18	-10	70	18	-71	123	122	67	122	-199	75	146	57	-44	36	-186	35	83	0	-45	-54	23	40	11	-144	17	3	-84	6	128	-130	-30	5	-75	-34	51	216	25	-23	98	9	41	43	45	12	3	-3	142	-23	-30	122	-27	55	145	66	19	45	-144	-91	69	144	-54	27	137	92	55	85	-19	38	46	-28	1	-147	-34	220	
84	76	38	124	142	80	162	-14	231	179	55	64	101	-131	139	151	40	169	76	192	-162	116	50	32	176	100	210	29	94	-5	41	-79	74	140	202	56	152	155	107	-3	151	-11	179	46	85	173	88	143	-58	5	131	97	141	-76	24	-7	22	144	36	73	177	68	52	-61	84	-33	88	73	98	-143	86	-45	43	-41	45	16	73	157	87	30	96	16	-84	105	75	75	18	119	-9	54	37	134	-37	87	-67	106	80	-71	-17	170	
-84	67	-8	46	161	-17	77	15	138	-71	104	-45	58	-17	-44	63	56	91	-10	153	49	146	-85	-186	-9	-22	122	-45	-29	49	25	145	-134	-63	39	92	202	52	12	72	49	-33	82	105	-78	105	-57	8	-57	19	10	39	-41	82	83	28	28	-112	45	98	21	209	-23	8	172	80	1	133	122	74	33	155	-4	94	1	-20	37	31	-145	-16	-28	-104	48	-39	168	90	-9	289	67	-56	56	-41	-188	-24	47	34	-82	-140	41	122	
144	-10	-103	-106	29	74	-77	85	-12	71	5	-15	-43	180	11	56	-160	109	-48	-87	110	6	-13	83	-28	-35	19	-87	-92	24	-81	136	129	37	59	63	18	-79	16	-29	-94	58	-32	92	-68	6	-83	117	-71	72	9	66	-227	-9	-29	-32	-169	-11	61	-22	-45	-105	31	127	-46	97	102	-122	-114	132	32	-100	53	-28	-11	20	-182	30	-114	-45	65	160	93	78	39	-126	56	-170	20	159	33	-29	94	45	42	55	110	-2	143	-69	
131	25	150	1	97	75	78	-38	130	96	247	7	-127	20	77	54	-6	215	-87	-90	-24	98	110	66	57	-2	81	-90	-27	39	46	-8	-49	11	-27	-109	24	78	98	160	104	149	14	46	-93	142	-24	21	-13	-19	138	8	159	39	16	-100	36	29	122	97	66	37	153	136	77	-6	25	60	72	-54	-2	51	3	-20	-30	21	-46	93	-67	-27	140	65	129	87	108	26	98	-32	-10	141	57	2	47	104	36	217	19	89	50	75	
33	-49	-11	-42	15	7	-130	25	-59	106	-25	-79	46	-40	62	19	-24	11	-95	107	-120	91	102	63	172	46	-30	8	-66	31	125	-61	-129	-119	83	64	63	139	-75	-57	74	133	-25	-64	-76	-45	-178	-67	-10	1	-75	35	115	5	-118	72	-12	85	73	-67	8	41	16	12	-50	-16	58	29	-1	-8	15	37	-122	144	-38	131	57	-99	120	-57	57	-19	-24	-46	-92	-3	183	115	-105	113	0	-48	14	83	-50	158	84	-36	108	-153	
-185	83	-46	43	1	-2	-140	167	128	-184	6	29	-85	44	3	-59	121	8	273	38	-39	75	144	40	-6	-35	168	69	117	-127	-52	22	-39	85	76	-158	114	-216	-88	220	-88	-114	-157	55	41	-69	75	11	70	166	20	154	-59	-11	42	100	-52	50	-47	61	-159	-32	-21	-45	-33	253	-54	-104	-117	8	-9	60	98	53	18	-28	-27	-27	90	157	172	-81	-41	-254	-12	38	-95	104	114	51	93	34	10	-160	-11	6	-115	-134	-18	-60	
-22	157	-16	-50	9	12	-71	189	116	129	-64	-110	20	-127	49	113	7	33	-18	1	-23	75	212	-22	148	172	57	-9	154	16	-27	-44	-39	93	168	-42	-47	200	14	-12	67	64	-9	2	62	-65	-67	16	-128	62	78	-50	123	88	-52	36	-1	66	171	179	0	12	-49	19	-7	-30	130	175	133	-19	36	180	-40	17	173	-81	123	-7	18	-4	96	2	51	43	88	-39	-5	257	-24	-29	78	38	-68	10	33	-17	6	0	97	64	
-58	27	80	154	-46	39	69	-69	82	45	-55	-137	-28	-162	177	104	-12	-80	-76	-88	-54	21	106	112	-131	129	-42	-4	-101	89	125	17	-14	-69	-4	-33	100	-13	-27	116	95	-99	-220	-129	-91	-80	7	-45	51	-59	-47	-130	-103	-81	-57	102	-95	-28	9	42	-156	116	-23	71	-52	114	20	-83	-12	-55	35	-39	-139	169	-146	-56	-1	263	34	85	-39	-56	38	55	144	209	-9	137	-25	42	59	96	14	-97	-91	191	-26	-11	-13	94	
38	127	-154	71	-18	4	-20	149	126	-54	118	39	138	-45	75	45	-19	33	24	2	63	70	155	104	-44	8	-38	89	20	96	-76	93	7	-3	-9	-17	62	37	-29	119	140	-92	66	75	-54	-110	33	49	-171	27	-35	-1	19	38	-87	150	138	-37	-9	54	3	85	43	-19	5	62	26	26	-172	54	80	22	58	66	59	-125	17	86	129	-30	-52	70	72	-7	157	74	-47	92	-44	21	75	27	8	-7	-93	40	-44	29	123	16	
-63	115	30	-83	190	103	72	-74	173	-67	165	-78	-92	-28	-38	44	-25	162	188	36	-57	31	54	75	-4	-72	143	59	72	31	0	184	-33	36	-121	21	-29	55	-16	92	-83	38	42	20	10	-31	125	93	-93	53	95	37	88	85	-18	36	-64	124	51	32	4	39	-93	39	140	-90	99	3	-163	1	87	4	157	39	126	-30	76	-3	-57	38	5	102	38	-20	61	45	65	49	71	22	46	-26	52	78	-99	-12	-39	-63	23	120	
63	55	30	-35	158	35	-57	65	-67	101	-63	-6	133	-60	144	-91	79	-32	-63	-106	-39	39	11	-62	28	-77	72	129	-54	-99	-48	94	-22	184	129	-11	62	40	68	163	8	12	-71	110	149	54	106	121	-61	21	78	113	7	119	-49	-30	133	20	74	86	224	21	90	78	-22	78	27	-135	55	111	-24	207	-59	-49	98	121	44	34	97	168	15	53	160	10	-8	22	114	48	83	-98	11	-90	81	-56	-106	14	87	-105	195	103	
9	-20	-44	90	-75	-104	71	124	41	-123	116	174	151	3	-62	-32	37	-172	115	128	33	-96	71	-56	-144	-35	173	-54	97	-119	-41	-159	-117	41	-63	-81	10	-30	71	188	-69	-125	29	159	-5	24	35	-10	-44	151	93	25	40	173	58	-42	77	59	-39	-65	-49	-108	71	-92	-18	102	-39	46	-133	54	42	-1	119	-40	89	-52	111	28	-1	-40	44	26	14	24	-19	171	28	-50	-27	-103	177	85	107	72	-24	56	-111	58	-156	165	
47	120	164	-53	158	1	-88	-39	35	114	-68	-79	55	36	-16	97	43	117	236	-43	-191	31	1	215	121	86	211	-56	81	-122	196	-62	122	73	35	-65	-42	106	32	-11	-83	40	-14	-4	169	135	69	65	237	-28	129	70	283	105	17	-24	40	113	115	104	13	-81	53	-125	-43	2	76	48	70	-126	64	-17	-51	14	154	-48	49	-35	172	-5	72	3	-105	180	-15	-17	136	88	20	-46	125	106	-28	94	106	54	1	91	-39	144	
-5	-53	38	86	131	18	141	31	-20	-22	69	121	-109	18	74	-32	214	-45	202	-62	-63	15	-44	-101	-77	-17	106	-11	13	87	-72	-42	-109	80	-97	-153	-16	-80	103	30	-6	-51	-13	40	63	19	75	58	4	90	-38	-54	-28	74	-86	61	145	-56	-12	-82	104	54	4	-54	223	89	-122	-274	19	36	92	21	-100	3	-268	-13	-64	48	-29	-5	-75	-105	13	-4	91	-77	-80	117	29	-94	-11	65	162	14	71	-84	-121	45	-171	99	
-158	-43	-81	43	-104	25	33	192	18	28	14	152	87	61	-119	61	118	8	36	78	-45	26	95	91	43	-36	127	-131	97	-25	-4	-6	94	73	77	-51	-71	-30	96	33	17	-71	200	-108	62	4	97	-7	108	116	52	61	-6	3	20	140	54	3	48	78	-142	110	-14	78	13	13	11	28	66	-1	67	-26	7	-72	105	68	123	79	-27	-112	56	-39	10	-63	-57	8	-83	10	163	57	12	-50	-78	114	70	-47	-84	57	-84	-62	
17	194	101	20	119	13	119	-49	57	7	42	-98	-113	106	4	185	47	79	108	-24	11	27	2	-225	98	-59	-6	111	-53	173	52	170	51	-42	-22	-141	100	189	94	15	82	52	-79	68	184	-60	43	126	-85	31	-128	43	40	-82	63	-126	46	41	17	106	98	144	-31	66	4	-11	65	-79	-9	-84	77	61	-85	30	-35	2	97	-9	-11	-51	-34	75	29	-105	99	20	6	62	11	152	60	72	-96	9	-7	86	145	-128	-1	128	
-182	-61	-25	-32	123	-13	41	98	16	-90	-105	135	75	57	3	19	149	-53	-22	131	-50	68	11	-8	160	1	-16	-26	108	87	-21	92	-213	-131	76	9	3	-120	1	3	25	199	-94	114	192	41	-55	45	121	23	11	77	99	159	75	44	-96	-17	134	-114	-102	88	-102	-30	48	-26	-82	-6	89	24	144	63	-109	-134	61	163	-8	-165	190	-47	66	9	23	24	-11	-54	-81	21	54	-6	29	58	-9	24	72	170	-134	-4	-24	3	
-62	-42	120	14	-28	-29	-6	-52	64	-35	-144	-24	138	50	66	31	104	-69	99	-11	-3	207	-30	87	-89	24	-20	69	-19	115	11	149	70	-35	70	107	149	-19	-19	-24	-23	-39	198	206	62	-83	131	-40	198	11	59	83	58	-48	-2	-63	-28	-1	82	128	122	39	-54	-112	-56	24	-76	-66	181	266	-46	70	13	0	120	194	-179	-35	53	-83	-38	-47	-145	162	-115	-39	26	72	0	113	-36	-56	-13	57	-39	40	78	12	-61	196	
80	-20	49	-131	9	145	-93	-4	241	21	83	136	10	-40	9	195	-65	114	-12	199	129	228	237	183	68	87	193	-21	129	33	109	110	-76	143	-6	173	-56	298	66	16	15	65	247	135	19	-3	-25	74	105	197	49	125	111	188	135	140	42	208	110	16	118	77	241	32	-177	-8	141	158	138	58	128	-29	105	131	116	141	-80	-87	99	90	-33	5	35	162	-51	171	-91	191	133	146	69	38	77	152	-11	93	141	15	53	44	
0	-63	70	55	-27	136	-18	120	147	41	85	165	-1	49	117	31	90	-24	-2	-28	80	48	79	16	51	-68	304	19	202	-69	17	197	-32	158	137	42	73	83	-151	154	12	58	-30	90	31	85	80	93	-176	133	187	-102	-52	84	77	36	147	91	104	272	-80	22	-14	57	47	55	55	-126	76	134	63	142	2	-33	100	-39	103	13	73	9	-55	-89	111	-144	85	49	-14	45	-2	-72	212	-21	55	22	-24	-20	-68	60	-67	188	
47	116	7	-80	84	-52	-51	188	45	-203	121	-48	-92	1	-30	124	-31	10	95	-93	-6	-88	146	51	6	-158	103	-70	13	-7	-9	37	-134	58	-61	-18	54	54	-30	60	-102	131	6	-82	125	73	-101	-130	-58	21	-153	-16	-89	99	42	117	-106	101	-71	116	-73	-62	-80	-47	-97	-25	134	-56	6	-13	-29	16	-125	35	40	-26	-9	-113	-64	6	44	-8	-96	-14	11	8	-31	-28	75	-92	-20	44	9	-56	119	-65	-15	91	44	-18	
-116	68	152	-28	-63	57	99	-183	76	-20	100	61	-92	-131	85	-124	117	-56	47	-13	-63	185	94	94	-75	45	77	-22	12	-38	22	-39	-78	-42	10	46	-36	-41	-47	124	35	-82	-160	2	-153	47	32	-40	-30	97	98	13	66	88	-74	-5	-53	-62	102	-39	-65	35	44	2	140	133	-234	84	-108	58	8	129	28	63	43	-71	29	25	7	-6	-32	-114	94	-82	49	35	-52	116	-1	141	64	98	60	-76	8	17	-65	88	-18	-143	
59	16	31	62	-67	-36	-85	39	58	48	-2	134	71	-151	41	-39	109	-110	-60	126	-2	32	-7	28	-3	33	-46	-7	-29	-91	-66	-74	-57	27	-135	-27	-8	-41	-75	149	176	-5	16	58	0	-70	194	-38	41	-80	-164	-11	44	-61	72	9	-113	14	-77	11	73	55	50	41	120	73	-26	32	-2	27	51	-51	182	-90	-3	74	68	12	-88	3	22	5	60	-126	-5	211	-107	-104	116	5	30	14	-54	-68	-125	83	48	-161	-95	131	
31	165	10	-118	72	205	-76	-119	74	118	51	43	-110	1	88	90	-84	93	95	-66	-22	16	-4	241	232	230	-56	14	-53	37	-119	-56	-85	-26	-23	61	-53	-41	49	34	23	-35	19	112	-48	-35	-65	30	-21	36	159	119	137	-14	7	117	176	32	178	78	56	87	9	-82	-50	30	6	11	78	58	25	159	-69	13	94	128	-166	145	49	106	68	42	31	42	-38	63	57	134	79	152	-64	-38	-56	-124	-20	28	35	122	99	11	
2	-18	94	-29	-5	19	-68	132	-21	47	-110	-12	34	-48	74	-6	34	23	70	89	-15	283	21	153	-5	-60	99	30	15	-57	-82	50	107	105	81	-38	-29	-46	-63	77	-26	-10	-66	50	-18	-53	74	-45	111	75	72	147	55	-39	-133	33	-104	137	11	56	-115	35	73	123	16	-53	-11	-70	27	44	-129	-37	-96	127	-15	100	57	3	-76	64	2	101	116	37	16	41	164	90	83	20	-16	57	-62	-62	-12	94	65	14	-16	-35	
-5	82	81	44	47	-1	57	-159	-151	109	-29	-113	-39	-49	16	80	115	-15	50	7	-75	-1	0	74	-144	102	-26	-82	-15	139	17	-95	-173	-21	-91	-55	26	96	218	17	163	12	-231	-75	-29	-10	169	50	11	55	-28	-116	223	53	106	34	-44	226	134	28	50	118	3	-43	165	90	-59	-16	238	54	23	77	-230	-56	-106	66	63	163	-41	47	-45	14	-10	35	62	154	69	56	90	-41	-85	3	-11	-35	92	135	-73	-95	-69	87	
-17	202	79	-88	77	-119	-42	-50	-23	-98	6	-93	-173	-58	-95	-25	-147	-102	-56	73	-10	92	11	90	-17	154	-94	0	20	120	-62	-120	204	-131	-107	-109	-154	-31	91	43	-135	111	63	-53	70	95	-61	88	-83	-20	-92	-92	-58	-52	-110	-49	-24	-36	80	-91	-12	92	-66	136	37	-22	-54	114	32	75	133	-60	90	7	-59	48	-128	42	-89	19	92	-6	-73	147	58	-85	-43	-30	66	25	-78	-2	101	-94	-91	-25	-33	-18	43	-139	
-14	80	124	73	16	-64	109	118	118	34	90	106	0	109	132	113	131	34	85	129	123	91	125	-63	57	51	61	35	-93	199	-24	-125	-90	55	154	19	141	186	127	50	-8	105	279	91	68	122	31	-54	-110	129	99	182	135	100	10	89	192	178	27	59	111	124	25	-69	40	31	112	77	201	151	-40	46	40	83	-66	178	-81	141	194	95	209	27	-11	7	-36	67	40	200	-29	150	-53	-54	-48	31	-79	112	19	-13	11	251	
53	6	25	240	-48	-62	-51	108	-27	84	-72	-89	99	-151	84	43	-66	-19	-17	51	70	99	-22	6	26	-16	99	-131	-4	-32	-7	-72	-32	118	134	125	-78	103	25	100	-5	138	-66	-15	64	78	-86	-118	-21	-23	86	89	64	5	41	-24	97	221	47	49	27	19	180	23	-59	171	12	50	-41	-153	-188	19	-5	-55	50	38	128	71	-7	144	-57	13	-90	159	-5	146	92	91	-60	-8	217	61	54	3	-11	-17	187	44	-141	91	
42	-61	-9	57	-71	-52	-20	11	148	-54	-51	72	-6	-34	-82	18	111	60	27	58	-59	-77	-68	-110	-93	-55	101	25	118	-27	34	118	0	28	-8	-16	41	-31	-7	-33	-66	37	74	-63	167	-26	72	-52	239	69	169	96	155	-124	7	-84	132	-5	-21	-22	-52	-43	-7	45	-19	24	-50	-177	-200	-116	93	-32	187	77	100	-52	65	22	18	161	53	-32	1	36	115	118	-32	-27	164	-48	259	43	-66	-57	-119	-30	-8	33	-87	63	
-120	-19	57	-37	26	60	67	11	65	-33	96	-16	-49	-34	-78	121	33	127	58	46	-83	-39	160	-15	-84	-59	184	-106	233	27	81	106	22	85	70	96	26	101	143	35	51	111	46	-181	36	133	70	29	-41	79	44	45	202	132	46	-43	-5	-62	141	209	16	-72	131	24	91	117	-71	211	-17	-60	-27	112	131	-34	35	70	90	57	-33	-120	-39	-77	-28	52	124	-19	-20	-25	69	-57	68	-58	-23	126	46	-61	-59	31	-70	47	
69	50	162	-185	73	11	94	-67	91	93	-28	104	-122	34	92	-53	72	102	8	7	-46	197	-46	-85	90	127	-29	11	-60	271	42	101	88	107	18	69	-44	4	28	90	36	31	-8	44	25	-108	60	88	39	115	43	107	43	-70	50	-124	-62	52	65	9	43	32	2	120	26	14	31	-47	153	70	109	-39	-40	93	47	66	36	-42	28	-42	27	-28	29	-22	147	-66	144	113	32	125	-38	41	62	-44	-119	261	106	-8	105	122	
-20	2	-11	-26	58	-15	160	6	58	-17	-25	125	97	50	-74	206	85	-2	179	132	174	-51	-47	-23	-171	-179	136	58	56	78	42	-10	41	112	23	106	158	8	47	-55	97	-85	94	165	7	13	74	281	85	54	-101	30	101	90	77	12	-45	-46	-2	-6	223	-18	71	-65	50	4	5	24	90	142	66	-60	56	145	-205	50	-2	9	55	-105	-163	-1	-110	130	46	125	-133	-38	195	-60	72	14	11	-43	11	-62	108	155	15	172	
-89	-15	149	-97	60	-122	11	-151	-57	-16	-129	-20	56	-88	123	-40	118	66	18	30	-135	155	48	150	149	-45	-16	120	-71	119	-5	-71	144	61	39	7	19	220	169	71	32	-60	54	70	34	38	130	-75	144	54	129	57	131	104	-75	-151	173	-14	-109	-97	60	-74	61	116	95	-87	44	52	6	-52	148	97	13	69	56	170	195	10	-11	-34	2	64	-96	110	22	135	63	-43	53	37	22	-204	-92	68	21	-96	43	159	164	-72	
55	2	17	-147	75	61	25	15	160	-20	310	-23	-61	-153	7	-1	-130	12	-6	-33	45	58	126	-3	-49	160	72	-61	171	102	107	19	-14	-71	-111	64	-73	179	24	-4	7	-60	-107	56	-16	-60	-134	46	-120	63	59	-60	11	207	45	-44	127	-46	2	77	122	60	130	74	-72	-110	215	54	4	2	64	-24	-18	78	15	-58	-19	-99	154	117	-95	-1	-50	43	23	178	-34	72	-107	-34	132	118	235	143	-85	150	38	76	-30	87	
-4	39	-99	110	90	-91	-11	135	151	-154	40	-76	132	155	48	75	60	76	139	157	138	23	-95	46	-39	-40	-9	46	33	-41	-74	87	123	-118	121	71	50	-35	15	102	-1	48	82	42	18	-78	141	48	-2	102	149	42	8	1	13	103	60	-7	-127	65	63	29	-61	74	-17	3	29	85	-148	0	-107	-85	166	14	1	-87	-15	139	172	57	1	36	14	143	70	-54	-27	-46	-27	33	106	4	-25	-86	-91	84	78	-85	-2	96	
27	53	52	40	20	-99	-38	146	63	-41	-127	-84	34	56	-98	139	58	-190	82	79	16	46	42	44	117	8	144	25	49	-34	-112	29	-46	-177	131	-24	21	26	-118	232	18	17	-87	1	47	123	-163	51	-28	157	1	-24	36	42	-18	116	3	-50	137	19	-100	56	-38	-76	121	47	35	69	23	50	-5	154	-148	190	-100	14	41	-45	79	45	17	82	52	37	50	26	10	195	83	-44	110	-9	-77	-103	0	61	-15	125	33	-142	
19	10	-36	-22	36	61	245	90	12	-22	27	218	-48	109	204	105	-65	19	166	33	84	47	59	-15	-91	-82	0	40	-84	207	-187	-93	-19	-24	-38	81	234	2	102	-112	-117	29	84	164	49	43	-40	46	-93	-8	11	101	4	144	78	-117	-14	-101	-124	-35	72	19	111	-110	17	-107	-172	31	10	38	18	87	-12	19	4	137	-173	90	49	-39	111	149	-48	60	22	51	-192	-134	12	148	80	209	-3	-3	28	-46	-78	105	-18	-4	
264	-195	-32	79	100	61	109	-11	-75	21	232	-43	146	-21	89	-117	-49	-22	-9	-73	47	6	-20	-97	-52	-6	-22	20	47	58	85	74	70	93	-2	31	61	154	24	84	-62	26	142	29	-12	-33	-56	97	-90	-48	19	-109	-65	7	-117	-42	104	101	-13	20	-49	9	-69	88	42	101	-43	-6	-92	-44	-6	-125	109	78	-112	68	-13	127	-44	-91	-76	34	73	105	117	-17	111	-10	-228	56	66	60	213	145	4	-16	166	79	-37	70	
16	58	80	15	-12	-102	-43	59	-2	59	65	-164	228	-136	27	-104	106	-24	-44	78	53	255	139	-6	39	141	-24	63	-20	82	-161	91	3	47	204	42	-5	208	-7	31	96	101	87	171	-52	35	47	-63	30	176	-39	17	184	66	87	98	117	104	167	112	138	18	121	133	99	138	84	192	82	157	-45	40	75	82	18	67	41	44	81	67	-46	11	-71	-1	43	48	35	108	-89	-42	-36	-204	-97	107	46	94	-2	-157	62	150	
-69	9	63	21	129	156	65	-76	171	132	36	114	89	153	12	28	134	71	95	12	53	39	35	78	250	79	170	147	142	19	163	53	23	23	44	-57	124	120	87	89	91	-187	14	-84	7	29	125	58	5	129	139	-80	-2	129	41	39	46	-42	1	97	-98	93	-56	48	162	-122	5	68	63	16	151	74	-58	27	130	49	40	-69	78	16	94	0	180	37	174	6	6	268	40	52	86	-76	-124	44	-24	135	21	32	-54	166	
-1	-101	88	43	-82	-135	-71	15	-21	-143	-3	-80	2	49	-58	-55	-7	-15	70	-64	27	61	-53	32	-2	75	-15	-179	-33	-57	46	24	88	-49	64	-44	8	158	87	27	-30	50	-143	29	41	-111	51	-104	152	-98	187	-94	-17	-85	71	-171	40	29	38	182	110	12	-2	-24	107	170	-107	-47	49	66	-36	-84	29	-55	64	-56	60	-49	-48	-109	-3	-32	-85	175	95	-89	16	97	-87	26	74	91	15	96	99	125	35	-57	-123	32	
-49	20	179	93	52	-84	27	1	36	-48	-263	-18	24	-110	20	-11	50	-53	205	-22	-28	121	-148	85	55	123	-16	-12	-92	-38	-128	-187	21	17	34	-177	72	14	-28	16	-34	10	-160	24	115	1	132	-101	75	-15	-77	-142	-126	-118	11	-98	112	61	0	155	7	-163	-38	-202	107	153	-31	-17	28	8	-27	-52	2	-91	-73	-20	-41	26	34	-82	77	-48	33	38	26	34	-67	46	52	-66	26	41	-82	-108	36	-37	-68	9	-160	81	
-83	91	27	-29	21	-17	29	-92	34	20	-108	-36	64	-21	104	85	108	117	-38	138	-77	-30	75	106	156	-12	22	-44	27	-18	98	16	-32	49	76	103	-7	62	-4	-57	-14	-6	29	97	13	81	19	48	24	181	54	71	56	103	-49	77	75	35	-31	-123	-165	-30	-15	68	-17	27	86	55	-109	-86	112	-9	-34	22	8	-6	69	-109	161	-76	63	98	40	24	-79	30	106	9	-74	124	139	-67	-5	19	78	38	49	63	84	-1	
-77	-129	17	-57	-152	-10	24	113	53	-62	-24	23	154	81	89	130	-167	-53	-70	19	172	12	-115	-10	-78	10	118	-99	125	8	24	19	19	80	-11	-31	211	121	76	-103	18	149	79	-133	-113	39	-7	-82	189	-59	-104	-14	-54	23	37	-54	60	-48	89	113	23	-69	224	184	61	-104	113	132	-93	-45	-69	-10	180	126	-117	-12	46	23	50	-228	21	5	-11	301	94	122	-120	130	42	-110	172	28	106	227	-2	133	-100	34	34	74	
40	-80	53	176	-86	-37	94	96	-2	71	-22	110	-93	-2	35	-51	-101	-87	34	-74	-77	-13	82	37	-101	-63	31	88	-42	-17	-44	0	-22	-24	-33	-59	15	34	-111	35	-38	95	-88	34	25	82	-11	10	60	-112	42	-76	40	-121	-25	-33	9	10	108	-42	2	-133	103	28	-68	-6	38	17	-135	-4	-3	143	85	22	21	2	66	98	-27	-72	39	96	-33	-52	-36	46	49	-86	96	-66	179	24	10	82	52	34	-12	71	-58	-49	
0	66	136	54	42	-134	28	104	127	-60	148	99	-35	-91	21	49	141	5	12	-88	7	140	70	31	-56	107	58	-172	116	30	-12	-85	155	79	-77	41	-79	3	61	77	124	-75	-5	2	-8	18	63	93	-114	132	69	68	7	98	-159	139	-11	191	93	-83	86	82	110	-35	178	-51	262	-98	154	101	-47	-10	-253	150	43	-8	163	45	-11	-40	-73	-27	57	12	57	74	100	234	14	-102	-64	80	107	99	39	126	77	144	46	126	
83	70	-8	51	-6	57	32	123	30	-43	97	104	-46	-38	166	-68	54	-42	106	133	30	149	33	-66	-13	-69	-91	23	13	2	-12	93	-78	83	3	-69	68	18	79	110	-15	158	101	75	-47	-46	-30	-46	-13	114	-76	40	67	-16	-96	-102	77	136	-10	26	98	117	163	139	63	17	-107	-26	63	143	39	67	114	41	-151	18	73	83	88	-22	70	65	8	-105	53	-74	27	101	78	67	150	247	-72	-129	-7	20	59	-76	-11	128	
64	23	-33	-26	-78	-103	-83	88	7	6	29	90	15	208	39	95	22	25	-161	59	90	-45	49	108	108	103	103	-83	64	65	183	-31	-24	149	30	85	-72	68	48	54	28	45	43	-4	37	26	-94	43	20	167	97	136	-14	118	108	170	5	183	71	-34	-58	129	-21	150	-43	121	51	59	132	102	17	-12	17	143	139	83	-31	-164	-68	65	68	76	108	158	-95	37	114	113	-1	140	-3	14	53	5	85	33	171	-32	142	32	
-61	12	-106	-66	-78	51	104	-50	-95	-18	37	-110	-36	19	-86	-74	-50	-65	-59	15	101	20	-48	22	-114	-30	-77	66	7	124	-29	79	-96	27	-115	-15	99	246	155	-133	130	-159	-98	10	-8	32	119	-51	-10	-138	28	-206	-12	39	139	-58	101	-59	149	131	54	85	-71	119	102	-159	-73	111	-37	29	86	-17	74	44	37	-3	37	-230	-123	-115	-84	72	-53	155	-88	44	-45	-84	-34	18	33	-120	68	62	64	22	-7	-150	-59	-79	
50	10	148	105	-42	120	-34	28	5	44	-57	121	130	55	100	107	201	-14	108	67	138	153	-37	53	-53	-51	33	42	48	33	170	116	54	29	-7	-21	-35	-78	-8	114	-25	87	169	121	-12	45	221	109	130	71	-2	64	177	77	114	-91	14	82	69	-71	118	199	153	53	141	94	-140	-90	232	2	-134	-15	29	74	37	174	76	24	39	42	-47	34	-19	89	64	44	-71	37	114	3	-57	97	-16	68	-18	129	80	162	-109	257	
-46	4	2	153	34	-21	-150	245	22	-50	79	-15	162	102	78	-11	-138	2	44	-106	5	-128	27	55	139	-159	0	16	18	42	91	97	77	16	-77	-25	-88	-99	-9	110	-14	7	149	17	-99	-153	-119	-29	-10	-139	-48	153	-133	-55	74	44	2	44	-131	70	-17	-34	-49	-40	41	20	13	-11	-60	-71	-1	49	73	33	14	-193	-99	103	-86	127	93	30	84	-40	107	-171	-248	19	-186	74	-8	154	-29	52	22	-9	84	29	235	-16	
102	27	21	-31	17	49	-31	-33	59	17	46	104	-57	-61	93	-2	44	-25	90	-45	-82	191	117	14	38	145	94	0	-7	-75	-124	-41	37	-1	35	-36	52	-16	29	58	125	-91	2	255	-35	33	58	-14	-32	126	136	146	58	45	-79	-22	241	-42	204	-9	98	-15	71	-25	-88	84	27	-53	-58	51	57	16	-42	132	-13	37	30	30	-7	-83	116	-20	107	-45	-48	-20	69	32	-96	94	-29	-32	-17	48	93	34	-19	117	54	15	
58	70	30	3	-22	26	87	194	11	33	4	102	7	11	50	68	-101	-62	110	81	101	168	29	44	6	-95	-51	-77	-27	81	-74	74	8	1	83	-180	136	101	47	93	95	-8	161	126	-1	-24	37	-66	-133	255	-83	140	-15	37	62	-29	124	174	98	184	-3	167	22	43	90	83	-14	96	-12	162	56	116	90	13	8	24	-168	86	60	-95	91	118	106	-161	102	19	71	58	22	-36	142	-32	-110	-75	-141	154	-61	7	146	105	
1	36	233	68	124	81	-1	52	38	4	-22	-140	146	-79	148	50	146	-61	211	9	-67	-23	-22	52	-117	-53	79	85	15	-8	0	72	-70	-44	75	-13	163	97	-11	162	145	-89	-36	-44	-168	-60	181	-102	-55	92	-18	-31	141	58	88	41	48	75	-142	195	78	96	82	55	132	-47	-17	138	-38	83	-191	19	-48	118	-90	-110	-31	18	139	-9	-7	66	-82	17	-92	100	29	-48	-196	41	159	-79	-50	25	-82	-66	58	-121	2	162	
83	63	18	18	175	81	18	-56	-5	121	-26	-112	-11	-119	-5	45	62	-43	155	69	-140	38	26	141	71	123	-72	53	215	51	64	-20	115	-68	-69	60	-76	39	53	95	134	-101	-45	84	-30	-7	138	13	93	-104	7	-147	175	76	17	23	-54	-23	109	6	-5	98	2	50	0	-177	-28	133	81	-175	97	49	-57	-49	-34	-30	-53	51	9	150	-202	29	45	34	103	115	-97	-16	-30	-29	-79	142	11	-103	65	50	-18	129	-98	-43	
116	-98	7	-138	-107	31	5	-37	-23	-10	-43	48	110	141	-32	51	68	-106	13	60	50	38	-235	67	56	16	62	-94	-56	-29	16	61	0	53	-60	61	62	34	22	49	2	-32	-5	114	-75	-10	113	6	198	90	124	-57	55	-17	156	-78	118	57	42	-5	93	57	33	150	-8	-2	15	-78	85	-4	33	-179	97	99	97	15	166	-17	-81	-45	14	-2	-29	148	29	89	64	-4	88	107	110	42	-31	34	8	75	32	72	69	50	
32	40	-69	-20	59	11	94	-57	-53	46	135	189	157	126	-46	58	91	78	108	105	15	83	-51	-123	61	15	218	141	265	26	-25	109	46	114	46	110	156	78	189	92	115	-32	28	101	-108	-10	-31	42	22	306	20	198	134	126	66	23	87	-66	20	-2	-8	202	168	87	79	-22	-61	102	-38	-30	-73	89	-38	265	-77	9	146	53	19	-51	48	23	161	-143	14	16	44	92	-69	122	76	70	-52	6	272	-48	19	60	-1	2	
-109	1	157	5	-107	186	140	-130	52	2	29	63	8	46	238	103	67	123	9	-96	25	71	-17	38	58	-12	157	-93	78	-106	3	-85	-17	5	33	-1	131	158	99	-111	73	-117	67	-13	-90	97	253	-38	3	14	331	-75	195	1	74	-37	278	67	-43	134	27	57	175	1	33	-106	-73	0	116	-76	70	-142	29	73	90	-100	46	2	221	44	28	46	53	50	42	56	-37	65	-112	128	93	49	-38	130	1	46	-107	63	-212	81	
-83	69	-30	140	-103	-88	-79	-53	42	-136	42	-10	120	9	136	11	52	-175	26	19	-9	89	18	195	-50	-92	118	-97	74	18	77	22	145	86	124	153	-32	41	-65	188	-64	69	87	12	-34	-40	168	-19	-18	164	96	233	8	105	84	-128	-64	13	-37	113	98	217	115	111	-155	110	-9	135	31	-11	-84	35	84	23	170	23	135	164	94	-14	-63	-50	-68	177	-99	43	-92	37	-73	86	180	50	146	119	-45	90	70	30	-18	35	
-184	30	-6	49	26	-118	21	215	40	-13	-79	66	165	100	101	89	49	35	94	-1	-11	-59	17	-6	-1	-100	2	21	54	29	0	76	175	63	153	13	10	-84	48	-12	-43	11	131	87	129	-74	-19	126	64	47	-9	1	64	125	-30	-78	-6	21	-111	-29	37	-55	-84	86	52	2	-119	-79	-32	12	-8	46	32	22	36	68	42	156	87	-6	237	-13	192	-30	-39	-54	-85	40	-118	-3	-49	74	-41	99	131	-79	73	-18	143	36	
-174	56	-25	-69	54	49	-27	-4	-4	-98	109	-85	-25	-43	7	-67	223	19	14	-19	-34	44	72	-152	-97	-22	71	52	65	-45	20	-8	-11	-99	2	-38	147	-5	100	-92	26	-109	-92	76	25	75	160	-21	-109	70	104	-205	7	113	-74	20	67	-135	-54	32	-26	17	-96	166	86	36	-117	1	-7	101	173	-99	103	44	91	104	160	-97	-39	-112	23	-13	33	-127	82	-23	-46	-6	-10	79	-23	-160	-19	52	-20	-65	-95	-97	-39	-21	
34	188	-121	8	62	-32	-95	-49	15	96	51	52	-4	145	82	-24	79	68	90	51	147	206	-145	40	95	-7	-41	14	39	80	137	73	-107	39	28	78	-12	77	119	-40	59	74	25	162	-4	68	-10	48	45	156	85	4	104	11	140	-74	43	228	0	152	-46	9	-44	37	76	-51	-77	200	113	70	77	64	6	139	8	-12	-102	-33	185	41	29	57	71	-18	-3	40	-75	157	37	-96	-117	-58	-58	-88	21	109	143	65	25	62	
80	13	-64	-88	-57	90	-81	74	67	179	-54	196	96	-26	-85	146	-93	-40	-137	37	40	-80	-29	17	-78	40	135	-23	-41	161	107	13	-95	-27	-34	15	72	-141	-50	-76	91	-9	137	26	-46	-57	-62	-26	11	110	14	69	94	52	83	35	-51	126	-46	-34	-11	214	31	129	11	14	-94	-68	167	45	30	-25	25	105	143	107	-107	-27	-8	106	91	79	151	51	36	127	-6	52	77	165	-17	120	80	42	-82	202	94	-8	154	8	
-140	21	-87	187	-44	-164	108	81	64	22	71	171	-16	158	-102	131	-10	-32	288	-33	-37	3	-36	8	27	-149	128	-64	27	-62	-28	14	161	137	-39	48	-28	88	-47	57	-84	0	35	10	117	-6	-62	106	-122	115	56	92	-171	-12	50	11	63	58	-6	127	-35	12	51	10	-50	-67	99	-84	-122	52	-7	43	-34	69	87	-3	129	-30	7	-104	-38	-18	-40	-93	10	-92	80	-20	1	-121	108	-20	-37	149	132	45	66	138	-30	67	
-20	-21	-136	46	65	-183	37	-62	123	-75	80	-41	75	63	80	-6	171	44	52	45	68	76	-56	5	40	38	175	-111	103	-44	-31	95	125	-43	204	-82	134	-19	63	93	25	-154	-8	154	-27	60	101	37	186	149	343	53	52	164	121	151	139	-149	45	43	4	-5	62	99	47	98	85	161	195	74	100	155	-29	94	24	58	-35	-42	-7	47	-71	-37	-109	-12	113	41	28	62	40	-32	-4	-77	-74	24	109	97	-77	70	11	143	
-110	136	4	34	-2	-74	69	-44	-23	17	24	-15	7	-66	98	-88	198	25	55	-94	20	195	53	153	54	42	62	-52	18	10	-84	-77	32	-53	80	-151	-42	107	182	34	28	-46	-2	-92	-207	143	101	-157	109	18	-28	19	83	55	11	25	130	-45	17	102	102	127	79	19	142	21	13	40	-48	-6	-58	-30	-12	51	-107	-4	-105	93	-26	96	165	40	40	28	75	42	-173	19	-22	38	24	110	-14	-62	56	15	-129	5	-109	3	
46	-94	-33	167	97	-4	1	32	68	45	-38	34	68	44	250	13	61	-28	100	15	121	-31	-22	3	-9	-60	87	-110	-95	-110	-107	69	17	80	108	80	152	-37	-25	51	-104	170	-4	160	78	24	99	48	-31	54	46	157	-3	170	77	-53	0	-22	-77	11	100	-23	40	-48	88	173	21	-152	58	47	-98	166	-79	-55	-56	153	-17	58	108	75	-75	16	26	26	51	92	6	-41	-96	-84	38	66	116	49	8	131	90	-4	52	171	
-33	48	-48	-7	106	-5	-77	-42	44	37	20	-108	74	-103	-90	155	-86	73	26	169	-85	88	90	48	48	-54	174	-37	44	-24	56	145	46	52	30	90	-41	110	107	33	2	-40	5	48	-56	39	-78	104	73	73	-73	10	-39	-51	116	-21	-68	88	87	47	-11	-39	96	50	-18	14	71	81	14	-137	87	30	-25	174	-55	-40	131	56	-112	69	-34	59	54	92	101	-60	-117	196	14	-16	-86	33	-54	115	164	46	-9	86	181	-83	
-4	58	133	-322	157	87	202	119	41	4	-101	141	8	-91	-15	44	78	71	-17	-11	-3	91	23	69	52	8	-54	102	-19	165	51	30	-117	46	55	-162	-13	18	71	77	6	-31	112	93	116	-16	-5	-68	54	54	0	46	114	112	-76	9	121	151	188	60	-65	106	-132	145	58	-92	76	-168	111	11	116	-53	54	1	19	125	-155	95	21	-79	199	79	202	57	56	166	-50	45	189	200	24	124	10	-75	51	4	-3	114	18	70	
-95	-24	74	-51	45	116	-87	92	54	-29	41	90	62	74	22	130	49	192	147	17	34	246	124	-22	51	-5	49	-4	9	89	104	122	48	-7	218	-10	-10	-17	135	108	2	-8	151	98	-33	-27	10	98	-134	77	102	158	16	221	67	110	198	-46	-51	184	31	159	-61	131	-140	146	78	19	27	112	-59	-23	-1	209	-89	-14	-92	14	186	-53	174	-37	-92	-45	65	-5	102	113	-11	131	203	-26	-28	101	-34	-90	149	57	-8	86	
8	-65	22	51	167	43	81	80	-9	-24	59	-29	42	-66	-87	-44	-41	7	4	62	-87	40	52	-119	-75	-63	118	-4	27	40	-1	44	-23	46	-6	-110	190	163	48	52	5	12	-39	-43	65	-62	18	133	-153	-35	-33	34	-67	9	-96	-106	26	107	55	90	20	69	30	-90	20	20	1	-135	-39	-39	65	-41	-35	-20	-152	12	43	-20	205	-38	96	84	-3	33	-87	-59	142	40	-131	31	83	-104	25	122	32	149	-140	-222	54	52	
16	185	-26	-30	63	-4	69	62	-24	-23	11	-26	126	-16	183	48	117	-71	293	32	16	42	-57	-13	99	-169	71	-46	-100	-75	-73	-19	-52	127	23	37	192	106	65	146	-52	55	89	63	41	-75	128	-88	65	49	-133	207	138	37	105	-12	-34	202	-52	66	250	4	137	-16	-27	28	86	-15	38	-50	-38	37	-44	15	52	19	80	72	67	-2	-32	76	-187	183	150	44	27	112	98	-11	90	296	39	53	23	44	45	-18	-9	266	
-37	6	-170	-106	51	-14	-70	-9	-138	-37	95	-174	30	124	-82	27	32	-3	94	21	31	82	-21	-37	40	-61	-37	-38	-197	-17	-19	-11	-205	-62	-16	56	-28	-58	-18	0	-32	-34	-12	292	24	-23	-141	-71	66	-35	0	18	28	44	20	-49	-78	0	-6	-39	-60	10	-98	24	-64	97	-71	148	7	-111	-4	-49	109	-22	-31	-1	6	-79	58	62	-26	85	-111	27	-2	-166	30	55	47	11	-11	-10	-31	-48	136	136	-38	-59	-46	-50	
50	65	81	-103	27	25	41	-117	-136	37	-51	88	-39	137	137	113	23	-34	-31	-68	-10	-55	-73	-120	66	-28	182	48	-138	73	92	18	-81	169	103	73	28	-77	-18	31	-107	157	-6	134	-32	113	-97	5	82	2	-30	135	151	51	89	-90	29	86	34	-88	15	92	145	109	-118	34	-63	1	202	42	52	-17	-9	146	17	205	50	50	-11	29	11	109	-15	-35	-51	28	99	-4	28	119	-3	61	-2	-3	118	4	-12	114	90	-11	
239	97	-1	22	-3	-164	-93	138	-15	74	-98	26	130	205	88	62	50	-92	-49	138	81	32	-22	-31	316	15	47	-8	68	-74	-50	72	26	-119	188	195	29	109	6	23	-114	128	122	224	228	115	-212	-10	-5	263	-13	105	-42	14	177	-24	64	120	107	-44	139	-60	147	83	-63	58	159	-37	76	10	55	-24	4	22	83	38	37	-51	1	-8	-77	72	14	-3	-40	-128	11	78	-79	135	99	71	-130	-82	63	13	181	0	-16	43	
20	-14	82	49	-38	-25	-5	115	113	-52	-92	99	-38	-44	5	152	54	-55	-2	65	37	27	1	38	86	-60	-4	13	89	94	4	77	140	-68	60	57	-128	139	-3	23	2	52	123	70	84	25	-32	-75	22	110	137	-17	-6	171	-39	-123	-53	13	33	-48	37	39	81	-33	16	-141	199	-104	50	-127	42	95	-42	-61	119	137	50	22	170	166	-22	85	-75	42	-116	62	-103	-51	137	16	165	115	6	14	-2	45	75	71	-33	78	
-111	12	-54	-9	13	36	4	10	134	3	-46	96	55	78	-117	185	-78	108	149	24	36	29	24	-29	-89	-27	163	83	-40	28	-26	131	-23	0	51	31	187	-51	34	30	40	-3	-59	89	78	-58	29	9	-28	18	126	32	130	63	57	-145	-32	23	12	124	-38	11	-10	-19	17	34	-76	-61	-96	87	-70	-51	99	62	47	34	70	73	94	-158	183	6	105	-38	82	60	39	83	16	123	131	78	-106	52	25	-6	-4	1	22	84	
-25	16	132	-22	71	-25	139	68	78	9	-96	42	122	43	58	115	-10	55	194	213	-114	3	39	13	104	27	-2	-72	65	-34	-40	-27	87	147	177	108	161	119	59	43	17	126	99	87	-114	46	184	-90	121	67	64	127	140	35	-22	73	7	-70	70	-31	-6	0	108	-88	69	36	30	49	-65	154	7	-13	21	50	-66	100	-28	189	51	-98	159	-48	-55	100	80	-33	13	79	18	-23	-54	-119	-137	18	73	-23	-58	-55	-36	165	
-1	122	-160	-12	-8	10	85	-189	-7	66	121	105	25	-2	-102	26	84	-55	127	-29	-73	24	-40	123	-11	-23	26	96	76	95	82	-68	-48	27	-102	28	55	54	-27	126	207	-262	8	-23	-45	-77	62	159	-84	42	-48	-2	9	-42	44	66	31	34	70	116	139	173	24	-47	-66	-29	74	18	10	-22	115	-18	-3	23	-6	-39	38	22	110	-7	-143	12	-138	-67	-61	19	63	90	125	12	76	39	54	-13	-86	46	-14	-19	-102	61	
56	52	175	150	15	-43	-143	98	-3	55	-181	92	158	-140	138	85	-60	-54	-56	41	-58	106	37	164	57	130	-76	129	-45	12	75	24	-75	-5	-66	39	-30	-4	2	93	38	12	8	77	16	-41	42	-81	44	114	6	10	12	4	41	-45	49	180	-58	55	-30	88	13	-68	136	135	43	29	9	105	-42	42	-18	113	107	89	0	192	151	78	234	57	25	-30	-53	82	-119	112	-11	-26	83	-93	-158	-16	-34	1	105	17	105	32	
237	-84	-5	-7	51	-156	-57	167	-79	-52	-2	111	185	152	-104	17	-1	-36	-58	175	72	63	-63	-14	86	-34	44	114	28	60	-28	66	-56	61	95	113	40	34	55	65	-22	-27	240	96	151	23	-1	-88	36	22	87	167	136	-37	-34	4	143	114	37	66	0	-40	1	-38	-72	-39	115	73	39	-127	-129	-50	58	116	62	25	64	2	42	48	45	163	109	77	-92	-96	137	94	-98	77	35	59	85	115	37	238	44	57	-27	-82	
70	36	129	72	-3	-21	36	-52	18	94	-22	109	-76	40	-60	86	73	70	11	176	-15	-93	-126	33	66	32	-69	61	116	209	167	20	-3	102	-52	15	22	172	10	-61	-2	92	67	8	-67	-57	-15	106	146	100	-39	-38	125	53	141	-76	-23	42	96	-203	136	109	78	-80	72	22	249	3	48	2	96	-77	-66	-40	-61	52	56	85	41	-12	-34	-40	-99	-47	3	64	69	-2	60	76	131	55	-28	49	75	-4	63	38	-54	138	
5	112	12	-49	-75	-43	-16	-36	68	-58	59	100	55	35	-24	22	5	58	-113	-7	154	36	-13	-110	129	-49	148	-17	27	65	27	22	10	43	37	-24	31	91	-27	34	-10	102	72	-70	-152	-7	58	98	23	-41	-83	51	113	-22	109	-68	167	64	-58	-9	99	-4	110	29	-93	46	73	-5	88	55	69	-8	-58	107	-63	-98	57	-136	26	9	100	-12	45	91	135	37	-59	-44	-17	-24	54	63	70	30	69	136	-21	90	132	50	
117	-45	173	49	-27	119	-13	-23	-37	-39	-57	122	49	-5	73	-52	27	-43	-19	7	26	-15	-50	140	-43	-84	46	-20	-91	-66	-49	-110	-56	2	-4	-101	-46	-132	131	274	-31	-29	25	44	-28	59	75	41	-26	-34	128	47	61	210	76	-59	148	160	48	3	81	-89	-26	-16	89	129	-110	-81	23	25	9	91	-20	-149	4	151	-108	237	-82	125	19	32	93	118	46	128	84	-106	19	-35	89	-13	117	-15	-101	-54	100	70	26	-77	
52	-28	190	-62	127	105	90	207	157	-32	-3	-23	9	-94	36	59	110	132	124	58	-44	93	28	47	-72	-108	77	78	42	-18	29	42	-64	85	135	-92	38	113	-2	191	43	-76	-50	-138	48	-28	5	-9	90	7	148	9	132	10	-89	93	92	48	45	133	-19	-22	41	-2	19	-41	-19	-86	125	-16	-47	-54	6	66	10	17	-42	5	145	105	95	30	89	42	57	44	83	49	117	143	144	154	11	-20	-33	76	52	85	-54	93	
-55	53	-29	-94	-5	36	-17	-49	171	-11	-7	-3	74	-19	46	190	19	-39	137	19	-75	-97	-58	36	95	62	49	111	130	12	70	64	-123	62	-51	134	-109	53	23	23	6	49	-97	53	41	-91	-86	99	28	-10	-59	-38	56	212	127	-79	-4	-30	-76	9	20	-127	-154	41	-19	-38	195	20	-84	-65	142	-142	92	90	51	-6	70	-42	162	124	149	11	-16	64	-54	143	-137	-40	-25	19	205	80	-17	46	8	-120	64	23	15	87	
-42	-52	109	-70	191	66	-52	28	-68	-44	105	62	78	112	141	-39	-109	-8	152	-45	37	64	-133	12	-40	-72	117	-58	-12	-64	73	137	-99	-54	-200	-6	76	-70	77	18	-15	31	113	81	-25	20	-32	-27	62	-82	-27	135	-66	123	113	-53	46	-45	-14	122	-59	160	13	-33	20	-122	-51	87	163	108	-139	139	-98	67	2	17	-173	-136	-37	-53	68	-31	94	-48	-108	-5	15	57	-81	30	-43	13	-59	-1	141	-32	-12	115	59	32	
33	-84	28	68	57	-96	133	19	37	60	61	151	54	148	-70	-87	72	1	-5	105	-62	-89	-78	67	147	-2	3	-68	215	-46	23	-119	52	-61	74	62	-15	63	3	16	-44	-62	-54	16	178	48	-82	34	2	120	120	36	86	87	11	-98	-16	-79	17	-141	-118	-71	139	113	64	-71	9	-67	-95	-92	89	-85	46	-51	149	111	-41	90	35	-30	76	-7	57	30	-22	-9	62	-28	-79	-26	89	54	12	63	155	132	-20	75	-214	-75	
-59	44	-16	60	37	-88	-34	-33	-34	-25	68	-150	-54	49	-2	191	85	-25	67	153	29	73	23	-9	-4	-37	7	5	-12	153	69	-25	-183	-113	191	21	13	93	56	17	228	63	-192	190	-93	38	-63	23	40	19	37	46	258	68	76	14	110	48	143	151	147	76	-117	-60	-46	115	-15	109	79	69	66	30	67	1	-104	63	46	13	192	138	-106	-15	-167	-81	6	6	8	4	-19	3	29	-2	-51	-43	-28	103	16	131	23	121	
113	5	66	-87	259	219	-14	42	142	-70	136	52	63	-68	-91	82	11	194	48	-79	13	-17	250	192	113	-47	-8	76	17	81	48	71	23	45	26	-121	132	136	111	122	-9	-58	67	86	104	7	4	21	-35	39	28	27	-79	263	-62	267	-54	78	-30	-47	-101	70	9	-95	-106	-114	101	-118	108	-47	142	-48	-144	-97	106	144	-164	-7	-15	-57	2	30	105	73	-11	71	108	-81	22	239	30	117	83	-22	50	79	168	37	71	2	
49	-12	124	-33	188	-5	22	46	83	77	102	183	-116	86	87	129	40	152	73	110	-128	87	78	85	101	33	-6	-59	42	-65	66	-50	22	-7	-73	21	265	-97	210	49	47	45	218	211	111	73	19	46	63	229	250	178	171	59	-37	122	48	11	-65	-65	76	88	104	48	0	55	145	-14	181	102	55	33	-87	152	-20	174	-135	41	49	-101	115	61	-4	32	-33	15	154	113	132	143	-18	-31	-5	49	60	175	190	2	45	142	
113	62	-1	134	13	-16	-43	17	150	111	74	68	-14	-135	154	12	73	18	32	-58	-89	56	-154	126	51	12	-8	-34	-53	-11	125	-71	-30	5	4	18	31	-83	-36	60	112	-20	37	-20	20	129	-192	5	117	-43	37	65	-94	4	89	-1	-50	116	56	-85	96	84	66	-142	-115	-15	176	21	196	-96	28	26	-105	105	69	109	-78	-8	52	171	-15	26	-3	41	-204	91	-9	27	49	131	-51	200	38	-188	69	120	134	75	62	-7	
-47	-54	-40	-112	49	198	-37	102	-106	32	104	-45	55	-59	-33	-39	96	-9	32	-134	-89	157	217	-56	121	-155	192	34	-39	-84	-109	-20	-146	133	30	-45	69	211	27	91	42	68	77	67	-103	112	1	-78	-92	81	-84	-119	58	-19	-162	-6	107	171	-74	99	122	14	108	82	37	30	-134	-58	104	122	106	47	2	-148	55	54	139	-90	-23	-54	7	-26	-94	-6	62	-41	68	-29	73	-1	34	-174	-92	-9	6	-74	-102	-126	10	-22	
-32	37	28	-47	-154	105	-77	175	-25	101	-118	38	11	60	42	-39	63	81	137	108	36	251	21	185	67	82	-65	-85	-115	95	-42	-152	50	-2	63	96	-1	-20	27	-35	7	-97	159	171	-134	3	100	-58	45	2	84	46	81	96	143	-22	169	106	117	-37	132	47	90	-63	75	32	204	-42	140	89	-4	-119	-127	-189	60	76	-93	-16	41	-39	56	27	-104	122	56	157	-10	29	134	47	-27	87	-39	-5	33	45	9	25	-8	100	
115	57	-24	-81	206	111	-58	79	2	123	99	187	134	-42	81	17	-203	157	217	149	3	209	85	100	211	97	86	-11	69	-16	-52	5	6	79	-96	78	129	149	37	31	-69	-12	103	168	-76	48	38	-3	-50	213	204	61	109	235	-5	10	7	129	18	42	-58	220	201	97	139	16	54	39	-11	36	-18	49	-117	196	106	63	51	111	87	6	150	43	8	42	245	71	189	336	16	-22	17	-95	-152	153	92	103	-5	65	90	121	
0.667997
